0.046021
0.003462
0.003806
0.002442
0.002770
0.002546
0.002283
0.002745
0.002634
0.002241
0.002139
0.002789
0.002497
0.002658
0.002858
0.002581
0.002770
0.002913
0.003232
0.002910
0.002690
0.002657
0.003266
0.002636
0.003572
0.004022
0.003798
0.003339
0.009777
0.003734
0.002280
0.002273
0.002892
0.002490
0.002702
0.003661
0.003881
0.007422
0.004505
0.005388
0.004515
0.007497
0.007911
0.007057
0.007631
0.003814
0.004529
0.003266
0.003006
0.002778
0.005355
0.006025
0.005859
0.004497
0.002167
0.008662
0.003839
0.005770
0.002828
0.006292
0.005630
0.004228
0.005808
0.006256
0.007075
0.006099
0.007400
0.004583
0.006909
0.005359
0.003724
0.001834
0.003486
0.004020
0.007129
0.005663
0.004056
0.007517
0.003183
0.003048
0.002594
0.002937
0.003069
0.002873
0.002633
0.002545
0.002565
0.002249
0.001915
0.002440
0.002321
0.002309
0.002459
0.002261
0.001877
0.001761
0.002389
0.002174
0.001760
0.001696
