0.126696
0.064306
0.063742
0.062475
0.067243
0.073316
0.063469
0.061364
0.067224
0.060638
0.065515
0.060141
0.060236
0.059433
0.067978
0.056055
0.057238
0.056291
0.061649
0.055911
0.054608
0.062279
0.055883
0.054188
0.065072
0.056165
0.060542
0.056313
0.056171
0.063988
0.054502
0.055062
0.058458
0.053980
0.054320
0.058380
0.053755
0.059457
0.057766
0.055710
0.054870
0.056776
0.055829
0.054144
0.057879
0.068740
0.053775
0.053231
0.060097
0.055405
0.054599
0.065228
0.054462
0.055544
0.058628
0.054149
0.055913
0.059307
0.057309
0.054633
0.058936
0.054378
0.053915
0.057620
0.056416
0.055341
0.073846
0.059000
0.054329
0.056149
0.064368
0.059728
0.054575
0.056866
0.061171
0.054951
0.056174
0.065479
0.063715
0.061191
0.071784
0.080546
0.097102
0.059217
0.057651
0.064891
0.056838
0.058144
0.062480
0.066856
0.060279
0.056644
0.057415
0.058014
0.066743
0.062206
0.058661
0.058395
0.062215
0.061131
